62 75 68
74 64 70
64 71 66
73 70 64
68 67 75
69 82 74
60 67 61
70 74 78
66 74 78
83 70 74
68 66 90
78 63 75
103 77 77
77 68 74
66 77 68
70 70 72
75 65 71
91 74 93
66 75 73
75 82 76
74 71 66
76 70 64
74 82 76
74 71 66
67 70 64
67 90 86
78 77 80
64 71 69
71 76 80
63 73 71
116 130 91
109 101 103
77 102 130
115 110 109
76 85 119
72 133 127
130 134 121
150 158 100
150 131 142
99 98 105
119 85 109
164 98 138
160 117 121
144 71 153
77 70 109
114 93 122
77 82 89
114 93 122
77 70 109
153 132 115
143 105 100
114 113 129
73 106 116
116 81 77
63 87 70
63 87 70
105 132 80
83 94 133
81 87 86
120 89 59
